602
604
597
592
587
605
637
666
681
714
735
759
770
805
832
856
885
898
898
885
890
892
901
902
895
881
871
868
867
874
881
877
867
860
862
866
860
854
846
840
813
796
763
738
699
673
669
669
702
713
724
722
729
742
759
781
790
784
781
783
774
756
734
725
738
757
797
817
837
838
831
809
783
782
812
847
862
864
864
872
876
880
878
879
879
878
883
892
902
934
962
997
1029
1069
1107
1113
1109
1103
1101
1098
1101
1112
1126
1139
1148
1158
1167
1190
1225
1254
1256
1245
1249
1268
1297
1331
1363
1386
1395
1394
1413
1396
1390
1364
1380
1431
1483
1529
1548
1551
1561
1559
1569
1576
1602
1628
1646
1645
1621
1597
1577
1579
1591
1607
1630
1639
1620
1603
1592
1610
1622
1632
1614
1606
1599
1615
1603
1599
1600
1614
1619
1621
1626
1626
1620
1604
1618
1632
1667
1674
1683
1694
1708
1717
1715
1709
1708
1708
1713
1710
1706
1717
1742
1782
1803
1816
1814
1826
1837
1849
1838
1831
1823
1830
1838
1864
1885
1906
1906
1906
1924
1928
1940
1922
1911
1887
1898
1915
1933
1937
1945
1964
1973
1978
1969
1975
1987
2005
2018
2030
2035
2023
2019
2023
2030
2028
2028
2028
2040
2044
2045
2041
2035
2023
2004
1983
1979
1978
1987
1994
1988
1986
1995
2012
2031
2036
2051
2064
2080
2111
2151
2193
2212
2218
2230
2255
2282
2283
2266
2263
2283
2306
2325
2337
2363
2380
2413
2428
2440
2418
2389
2363
2358
2360
2359
2351
2337
2309
2286
2298
2314
2329
2325
2336
2348
2349
2349
2342
2339
2334
2332
2317
2317
2317
2325
2320
2312
2312
2310
2305
2300
2290
2271
2260
2257
2271
2263
2243
2224
2220
2249
2274
2286
2274
2267
2275
2280
2283
2278
2279
2288
2304
2320
2326
2330
2322
2313
2329
2365
2396
2396
2394
2405
2420
2434
2429
2430
2418
2418
2415
2418
2426
2450
2473
2493
2494
2482
2470
2462
2465
2457
2448
2438
2468
2512
2555
2569
2573
2578
2577
2554
2534
2520
2521
2527
2536
2555
2570
2572
2559
2546
2539
2526
2521
2522
2538
2584
2628
2673
2688
2705
2715
2716
2715
2718
2723
2719
2718
2708
2713
2713
2712
2692
2653
2620
2606
2617
2636
2643
2655
2633
2613
2582
2604
2600
2594
2563
2559
2570
2571
2593
2604
2623
2624
2620
2618
2610
2609
2610
2617
2607
2596
2601
2619
2636
2637
2640
2643
2641
2642
2645
2657
2677
2695
2710
2714
2720
2732
2742
2767
2782
2801
2804
2807
2782
2756
2728
2720
2713
2716
2731
2745
2778
2806
2847
2877
2904
2914
2914
2914
2903
2887
2874
2879
2890
2892
2889
2894
2904
2914
2918
2949
2991
3025
3030
3035
3048
3055
3051
3046
3037
3008
2972
2947
2956
2972
2974
2969
2959
2967
2971
2970
2969
2965
2958
2927
2912
2897
2904
2873
2833
2801
2787
2793
2800
2799
2797
2777
2780
2747
2732
2709
2701
2678
2659
2659
2649
2634
2630
2642
2655
2657
2671
2686
2701
2698
2677
2669
2660
2662
2653
2657
2671
2666
2657
2627
2619
2613
2650
2679
2711
2707
2726
2740
2775
2790
2806
2800
2794
2784
2784
2790
2769
2749
2720
2696
2671
2652
2661
2670
2681
2693
2708
2719
2732
2742
2778
2797
2817
2800
2783
2773
2761
2772
2764
2779
2804
2838
2861
2863
2863
2856
2837
2825
2838
2869
2879
2874
2860
2847
2831
2823
2830
2838
2840
2846
2842
2843
2838
2849
2852
2855
2844
2828
2823
2821
2835
2843
2850
2847
2866
2888
2910
2913
2914
2945
2976
3012
3021
3024
3017
3006
2997
2998
3008
3010
3033
3030
3027
3019
3032
3053
3057
3060
3098
3134
3165
3152
3141
3146
3160
3189
3207
3218
3200
3180
3167
3163
3167
3181
3172
3152
3117
3099
3075
3058
3062
3080
3104
3113
3111
3102
3087
3072
3058
3053
3053
3052
3054
3047
3037
3014
2978
2953
2946
2969
2988
2999
3003
3003
3003
3018
3032
3046
3050
3054
3055
3046
3035
3027
3033
3042
3049
3044
3030
3014
3003
3026
3062
3112
3136
3169
3177
3198
3216
3247
3235
3192
3131
3097
3082
3106
3130
3144
3132
3118
3131
3141
3156
3150
3153
3156
3166
3171
3183
3183
3186
3190
3202
3209
3198
3187
3184
3191
3199
3194
3187
3189
3198
3207
3204
3203
3205
3207
3205
3208
3204
3204
3181
3168
3152
3158
3161
3174
3180
3182
3173
3159
3149
3146
3147
3143
3109
3076
3035
3023
2999
2991
2985
2994
3017
3044
3067
3078
3092
3107
3125
3107
3091
3037
3010
3006
3036
3064
3056
3038
3020
3002
2989
2976
2978
2983
2988
3002
3017
3032
3040
3059
3076
3090
3084
3088
3065
3047
3032
3044
3053
3055
3066
3080
3086
3085
3098
3111
3110
3095
3064
3038
3030
3022
3020
2996
2992
2985
2978
2971
2965
2964
2969
2978
2991
2991
2991
2980
2977
2965
2951
2942
2938
2949
2947
2945
2932
2936
2942
2952
2949
2920
2862
2805
2768
2756
2747
2745
2746
2747
2725
2721
2729
2753
2757
2761
2777
2790
2792
2789
2798
2807
2819
2831
2839
2841
2838
2839
2837
2834
2830
2844
2858
2861
2858
2892
2940
2981
2998
3012
3029
3034
3036
3043
3050
3060
3056
3075
3104
3131
3139
3136
3136
3130
3122
3124
3130
3121
3107
3095
3100
3114
3146
3196
3243
3278
3293
3302
3300
3284
3268
3255
3261
3267
3268
3278
3286
3291
3286
3288
3298
3321
3337
3373
3394
3409
3398
3390
3390
3393
3390
3388
3408
3429
3456
3464
3471
3471
3468
3482
3500
3512
3508
3510
3517
3537
3547
3559
3558
3560
3567
3586
3588
3591
3585
3580
3582
3599
3623
3636
3633
3634
3630
3624
3611
3606
3590
3577
3565
3574
3611
3646
3669
3681
3692
3730
3757
3783
3795
3823
3847
3865
3873
3882
3862
3856
3860
3893
3920
3963
4016
4059
4079
4049
4013
3984
3987
4011
4031
4069
4088
4106
4108
4093
4073
4053
4052
4055
4059
4063
4064
4073
4083
4096
4104
4087
4073
4060
4067
4073
4073
4078
4081
4088
4072
4047
4018
4007
3991
3985
3984
3996
3998
3995
3998
4015
4032
4043
4012
3972
3937
3950
3966
3977
3974
3985
3997
4004
4002
4004
4011
4021
4056
4090
4122
4121
4119
4116
4114
4116
4108
4099
4090
4116
4145
4145
4136
4127
4140
4143
4162
4185
4206
4215
4223
4253
4283
4316
4330
4325
4344
4359
4387
4389
4391
4400
4401
4400
4398
4406
4422
4439
4454
4466
4474
4481
4485
4495
4496
4495
4463
4436
4406
4400
4386
4385
4384
4403
4414
4439
4464
4479
4481
4471
4481
4493
4504
4503
4499
4509
4521
4537
4538
4542
4538
4526
4517
4514
4508
4497
4484
4476
4467
4447
4437
4435
4444
4438
4431
4424
4422
4413
4404
4414
4424
4430
4426
4409
4402
4399
4434
4457
4493
4502
4537
4561
4584
4587
4590
4617
4646
4670
4669
4668
4670
4676
4681
4683
4686
4688
4677
4673
4667
4676
4671
4648
4627
4614
4619
4610
4597
4576
4574
4581
4580
4576
4560
4578
4617
4659
4689
4695
4717
4735
4766
4768
4765
4754
4728
4708
4694
4722
4735
4737
4739
4753
4759
4751
4747
4769
4751
4722
4679
4680
4673
4653
4631
4629
4636
4644
4664
4660
4633
4592
4569
4587
4612
4642
4649
4657
4667
4679
4671
4673
4691
4723
4723
4702
4678
4672
4674
4690
4702
4720
4722
4730
4724
4721
4716
4719
4723
4732
4724
4682
4640
4614
4615
4621
4625
4602
4568
4533
4522
4500
4481
4474
4473
4475
4493
4524
4552
4560
4571
4563
4556
4538
4543
4547
4555
4557
4566
4572
4580
4581
4584
4579
4576
4576
4579
4578
4574
4576
4581
4580
4576
4572
4581
4593
4604
4626
4648
4685
4702
4716
4733
4754
4777
4780
4752
4724
4685
4692
4693
4708
4702
4732
4779
4843
4887
4909
4913
4919
4932
4947
4952
4960
4971
4970
4967
4960
4963
4960
4965
4954
4943
4926
4937
4950
4965
4977
4995
5021
5020
5010
4998
4987
4992
4989
4991
4969
4957
4963
4997
5025
5045
5048
5049
5089
5108
5134
5123
5136
5154
5173
5193
5201
5221
5241
5261
5266
5263
5268
5281
5296
5295
5278
5258
5262
5274
5289
5273
5263
5246
5250
5251
5252
5247
5241
5251
5265
5273
5251
5201
5157
5144
5160
5174
5184
5186
5175
5160
5164
5187
5211
5234
5251
5259
5247
5243
5251
5281
5305
5304
5276
5255
5258
5279
5310
5338
5358
5361
5341
5341
5339
5361
5336
5307
5271
5269
5293
5291
5288
5269
5286
5299
5281
5257
5234
5246
5266
5294
5307
5304
5288
5285
5293
5298
5291
5284
5312
5351
5390
5400
5415
5425
5445
5456
5462
5482
5501
5520
5511
5502
5504
5497
5493
5506
5535
5562
5574
5575
5595
5611
5630
5603
5572
5543
5540
5539
5519
5501
5480
5471
5460
5450
5467
5482
5489
5480
5462
5457
5447
5448
5441
5448
5447
5454
5453
5458
5455
5436
5415
5415
5447
5478
5506
5500
5506
5513
5536
5549
5548
5546
5562
5599
5645
5684
5709
5735
5768
5799
5848
5879
5913
5925
5960
5997
6026
6031
6025
6011
5997
5982
5974
5968
5972
5959
5977
6000
6039
6056
6060
6068
6093
6109
6125
6118
6137
6156
6174
6177
6178
6180
6151
6124
6096
6085
6072
6062
6074
6089
6093
6090
6083
6074
6073
6101
6137
6152
6144
6136
6148
6148
6158
6140
6125
6072
6037
6004
6002
5996
5997
5998
6006
5994
5982
5977
5975
5973
5960
5959
5948
5940
5932
5928
5927
5928
5940
5951
5937
5919
5920
5940
5953
5943
5939
5958
5985
6009
6028
6073
6093
6098
6072
6074
6063
6038
6029
6035
6052
6054
6053
6061
6072
6093
6084
6055
6037
6039
6048
6041
6051
6072
6077
6068
6046
6043
6035
6038
6047
6063
6079
6073
6053
6034
6027
6029
6028
6023
6022
6027
6038
6057
6074
6088
6090
6105
6138
6174
6193
6206
6216
6218
6178
6141
6118
6128
6139
6151
6194
6237
6283
6308
6333
6362
6378
6391
6397
6407
6422
6437
6446
6450
6449
6442
6443
6432
6431
6421
6428
6433
6441
6441
6435
6445
6475
6529
6565
6579
6571
6565
6580
6599
6619
6621
6623
6615
6607
6592
6561
6550
6546
6560
6574
6555
6536
6499
6495
6508
6524
6556
6576
6602
6605
6614
6610
6618
6625
6636
6643
6648
6653
6651
6668
6688
6709
6727
6734
6746
6739
6740
6739
6744
6746
6775
6809
6853
6872
6882
6888
6897
6904
6908
6881
6861
6845
6863
6880
6894
6900
6907
6900
6901
6891
6886
6876
6880
6892
6888
6874
6880
6898
6927
6925
6929
6948
6980
7019
7034
7047
7031
7024
7015
7021
6989
6964
6959
6984
6998
7007
7021
7032
7053
7072
7105
7102
7093
7069
7057
7057
7072
7088
7084
7060
7035
7025
7022
7018
6996
6982
6965
6936
6908
6887
6879
6865
6846
6836
6826
6815
6808
6806
6808
6805
6803
6798
6800
6792
6791
6820
6871
6927
6931
6912
6895
6903
6918
6919
6916
6920
6910
6882
6855
6850
6843
6832
6819
6826
6832
6840
6880
6916
6945
6952
6983
7010
6999
6956
6921
6886
6861
6826
6814
6806
6814
6834
6849
6860
6862
6865
6861
6855
6848
6853
6858
6852
6841
6818
6810
6794
6788
6781
6780
6772
6762
6755
6757
6749
6735
6723
6707
6699
6694
6669
6619
6566
6556
6559
6568
6574
6600
6618
6629
6636
6645
6665
6674
6680
6678
6676
6677
6680
6688
6699
6706
6684
6662
6642
6667
6679
6691
6682
6681
6697
6730
6762
6775
6773
6765
6756
6727
6702
6677
6670
6666
6663
6660
6652
6646
6639
6642
6645
6653
6653
6653
6656
6667
6681
6683
6684
6683
6691
6689
6683
6691
6686
6682
6665
6665
6665
6664
6664
6690
6714
6739
6715
6694
6685
6713
6738
6777
6815
6873
6901
6943
6957
6980
7000
7026
7047
7043
7048
7050
7027
6993
6956
6948
6942
6945
6962
6986
7011